-57374.55197609271
-68550.33928504282
-22025.848221543056
72543.57266001173
-50826.73544722236
-53061.01714011291
-53948.00527743493
-38337.435501939646
27051.61710731199
31761.006440572615
-61385.32853169847
86251.60102901861
39363.99573653814
25408.609966876087
45916.93731364969
-13469.30183031458
23623.196868480416
-64526.47589616742
34304.446061762224
-64731.01947835351
-15772.755498384999
19372.634919502525
73517.02703583825
-2736.6549726951343
-28183.746526759787
-61618.65728296379
-10124.547891960407
78863.37825522342
-7554.907711178079
85328.8608171776
-23385.912658436748
58003.84726112441
-71260.71638124141
77229.28818689586
-43873.364021314366
-37085.34166599387
44837.153993499116
53808.883286299795
53391.30954339096
-79151.2916485956
96808.40907809447
-17957.638068488042
39200.32155650586
74310.12866652024
-45908.94909121972
37326.332134964585
-52626.309905735136
63244.55003514647
82042.83575509585
-61940.581226349175
-17426.322552328536
-57251.124551833986
-67051.69251317298
48626.43855861528
-63856.1588477119
70333.03582744725
-55980.02656511065
-55044.82182002788
66879.75965728497
68744.39278837264
-32461.53679766596
-78905.91858623603
-54044.71202638961
46604.25925328222
-79837.67879598243
80936.47345185123
59365.71531727596
-29870.05296499112
93268.3834675694
-47434.8124039885
59779.17860526155
-23701.263398830924
-39712.754767508326
-90821.04324683767
-73431.12108546146
65522.00970059735
84652.25390935835
-20671.609196935286
-63259.20128868412
32459.15670097171
-10195.794378258812
-9657.801711278531
65239.887376636005
-21981.354232237063
-164.54373633186333
-94640.75853074751
35530.37807796241
-45776.70391032282
7030.173986195339
4612.964754714179
-30281.09412719788
34580.62719882856
-56840.181663707765
38104.03394763885
40911.801629707246
-7104.22288711257
-6528.447444686884
-50381.51164781139
71802.64161173266
2367.754637075501
